// A matrix (sparse90) (16x16)
// dtype: int8

// Row  0:      0      0      0      0      0      0      0      0      0      0      0      0      0      0      0      0
// Row  1:      0      0      0      0     13      0      0      0    -49      0      0    -96      0      0      0      0
// Row  2:      0      0      0      0      0      0      0      0      0      0     57      0      0      0      0      0
// Row  3:      0    -16      0      0      0      0      0      0     -3      0      0      0      0      0      0      0
// Row  4:   -117      0      0      0      0      0     74      0      0      0      0      0      0      0      0      0
// Row  5:      0      0     12      0      0      0      0      0      0      0      0      0      0      0      0      0
// Row  6:      0      0    -53      0      0    -48      0      0      0      0      0      0      0      0      0      0
// Row  7:     -4      0      0      0      0      0     16      0      0      0      0      0      0      0      0      0
// Row  8:     60      0      0      0      0      0      0      0      0      0      0    -89      0      0      0      0
// Row  9:      0      0      0      0      0      0      0      0      0      0      0    105      0      0      0      0
// Row 10:      0      0     90      0     62     75      0      0      0      1      0      0      0      0      0      0
// Row 11:    -39      0      0      0      0      0      0      0      0      0      0      0      0      0      0      0
// Row 12:      0      0     -6      0      0      0      0      0      0      0      0      0      0      0      0    -32
// Row 13:      0      0      0      0      0      0      0      0      0      0      0      0      0     29     33    -46
// Row 14:      0      0      0      0      0      0    -98      0      0      0      0      0      0      0      0      0
// Row 15:      0      0      0      0      0      0      0      0      0      0      0      0      0      0      0      0
