// C = AūB (sparse90) (16x16)
// dtype: int32

// Row  0:      0      0      0      0      0      0      0      0      0      0      0      0      0      0      0      0
// Row  1:      0      0      0   9600      0   -728   -416      0      0  -7392   1131      0      0      0      0      0
// Row  2:      0  -1881   1482   1824      0      0      0      0      0      0      0      0      0      0      0      0
// Row  3:      0      0      0      0      0      0      0      0      0      0      0      0   -448      0      0      0
// Row  4:      0      0  -9594      0      0      0      0      0      0      0      0      0      0      0      0      0
// Row  5:      0      0      0      0   -624      0      0  -1332      0      0      0      0      0      0      0      0
// Row  6:  -3504  -2688   1632      0   2756      0      0   5883      0      0      0      0      0      0      0      0
// Row  7:      0      0   -328      0      0      0      0      0      0      0      0      0      0      0      0      0
// Row  8:      0      0   4920   8900      0      0      0      0      0  -6853      0      0      0      0      0      0
// Row  9:      0      0      0 -10500      0      0      0      0      0   8085      0      0      0      0      0      0
// Row 10:   5475   4200  -2550      0  -4680  -3472  -1984  -9990      0    -39   5394    -95      0    -29    -31      0
// Row 11:      0      0  -3198      0      0      0      0      0      0      0      0      0      0      0      0      0
// Row 12:      0      0      0      0   4312      0      0    666      0      0      0   3552   2592      0      0      0
// Row 13:      0      0   2320      0   5750      0      0      0      0      0      0   5106   3726      0      0      0
// Row 14:      0      0      0      0      0      0      0      0      0      0      0      0      0      0      0      0
// Row 15:      0      0      0      0      0      0      0      0      0      0      0      0      0      0      0      0
