// B matrix (alexnet) (16x16)
// dtype: int8

// Row  0:     69      8     67     86      0   -101    -39      0      0      0     88     97   -105      0      0      0
// Row  1:    -34    103     33     94   -102      2      0      0      0      0      0      0     30      0      2      6
// Row  2:     42    -17      0     39      0     64      0      0     12     28      0   -103      0     22      0      0
// Row  3:      0      0      0      0      0      0     64      0    -96      1      0    -15      0      0    -32     44
// Row  4:    -38      0     37      0      0      0    -79      0     48    -56     19    -87    -47      0      0     76
// Row  5:      0      0      0      0      0      0   -104      0     81    -72      0     65    127     26      0      0
// Row  6:      0     39    -16     38    -78     14     41      0     -8      0      0    -62    -86      0     93      0
// Row  7:      0      0    -64    -99      0      0      0      0     34   -105    -75      0     74      0      0    -39
// Row  8:    -53    -48    -55    -73    -92      0      0      0      0      0      0     47   -101     54      0     10
// Row  9:      0      0      0      0      0    -12      1    -30      0      9    -99      0     -9      0      0      0
// Row 10:    -73      0      0      0     41      0      0      0    -84     78     41      0      0   -108      0     20
// Row 11:   -107      0     61     32      0     89      0    -38      0      0     62      0      0     64      0      0
// Row 12:      0      0      0    127     24      0   -116     -2    -75     27     31   -113      0    -13      0      0
// Row 13:     11      0      0      0      0    -57    108      0      0      0      0    -44     50     18      0     59
// Row 14:    -46     76      0      0     75      0      0    -86     71      0      0      0    -40      0     39     95
// Row 15:     77    -75      0      0    -14      0      0      0      0      0    -86   -121     13     -7      0     15
