// C = AūB (alexnet) (16x16)
// dtype: int32

// Row  0:   5698  -5923    312  -4262  14026   2515  -6486   2586   6017   -840   8271   -473   2373  -3773   1846  -5661
// Row  1:  -3713 -17132 -11585 -20727    118   2777   -608      0 -10884    908   -532  13257 -18748   4608  -3298  -2239
// Row  2:   6260    823   2900  16187 -17556 -12219  20450      0  -7552  15956  13159   6772 -25610   8640  10509   5279
// Row  3:   1090   5479  -3976   1710    165    630  11869  -4214  -5713   4976  -1672   4146  -1694      0   4560     79
// Row  4:  -9941   6710   2384  -8201   4581  13613  16168 -11758   9181   5419   1385  21136  -1464   7556   3705  -2331
// Row  5:   2936  -6991  -2371   8898  -2581   9991 -22152   4072 -10565   2390  -6753 -10361   1394  -4403  -2964 -14494
// Row  6: -14846 -11527   3353  -1343 -10006   1863   4307   3384  -2119   3789  18345  13573   -511  16715  -3224   2732
// Row  7:  -5578   6800  -2160   6611   6993  -2152  -7188  -8320   1078   -647   2610  -9262 -11999  -1919  11152   9907
// Row  8:  -7066   1725  -4030  -7722   2741    768 -13158   1920   7404 -13393   5377   7496  18543  -3403    -96    -99
// Row  9:  -6380   5109  10619   9419   4660   2453  -6965    188    739   4450  18444  15247 -13625    406   1388 -11918
// Row 10:  17926  -5634 -11818 -15836   9179 -19288   -816   5466   7295 -11424  -4869   5290   -964  -6302    447  -1774
// Row 11:  11559 -19982  -4918 -15419   4564 -12146  -1579  12516  -8516  -2123  -4793  10421   9794  -4392 -12804 -10213
// Row 12:  -5252   1987  -4850   -265 -16482   6137   -782      0  -3524  10191  -3109   4815 -23625    -19   2776 -12215
// Row 13:  21475  -8418  -8024   -279   5288  -8694  -6343   3102   5193   4486 -13419   3869  13805  -2110  -4731 -13231
// Row 14:  14381  10105    136   2993 -11199   4258  26011   9284   1603  -4118  -5048   6914  28632   5671  -3950 -19097
// Row 15:   8024  -3435  18230   6051  -3606 -10605   1972    234   9255   4121  11516   8244 -23629   1122      0  12755
