// A matrix (resnet18) (16x16)
// dtype: int8

// Row  0:      0      0      0    -18      0      0      0      0   -111      0      0      0     38      0      0      0
// Row  1:      0      0      0      0      0      0      0      0    -30      0      0      0     16      0      0      0
// Row  2:      0    104      0      0      0      0      0      0      0      0      0      0      0      0      0      0
// Row  3:      0      0      0      0      0      0      0      0      0      0      0      0    -73      0      0      0
// Row  4:      0      0      0      0      0      0      0      0      0      0      2      0    -79      0      0      0
// Row  5:      0   -112      0    125      0      0      0      0     37      0      0      0      0      0      0      0
// Row  6:      0      0      0      0      0      0      0      0      0      0      0      0      0      0      0      0
// Row  7:      0      0      0      0      0      0      0      0      0      0    -98      0      0      0      0      0
// Row  8:      0      0      0      0      0      0    109      0      0      0      0      0      0      0      0      0
// Row  9:      0      0      0      0      0      0      0      0      0      0      0      0      0      0      0      0
// Row 10:      0      0    -73      0     13      0      0      0      0      0      0      0      0      0    -62      0
// Row 11:      0      0      0      0      0      0      0      0      0      0      0      0    -90      0   -124      0
// Row 12:    126      0      0      0      0      0      0      0      0      0      0      0      0      0    -87      0
// Row 13:      0      0      0      0     47      0      0      0      0      0      0      0    -22      0      0      0
// Row 14:      0      0      0      0      0      0      0      0      0    -17      0     38      0      0      0      0
// Row 15:      0      0      0      0      0      0      0      0      0    -29      0      0      0      0      0      0
