// C = AæB (resnet18) (16x16)
// dtype: int32

// Row  0:      0      0   1482      0      0      0   1674      0      0      0      0      0  -2220      0      0      0
// Row  1:      0      0    624      0      0      0      0      0      0      0      0      0   -600      0      0      0
// Row  2:      0      0      0      0      0      0      0      0      0      0   8632      0      0      0      0      0
// Row  3:      0      0  -2847      0      0      0      0      0      0      0      0      0      0      0      0      0
// Row  4:      0      0  -3081      0      0      0      0      0      0      0      0      0      0      0      0      0
// Row  5:      0      0      0      0      0      0 -11625      0      0      0  -9296      0    740      0      0      0
// Row  6:      0      0      0      0      0      0      0      0      0      0      0      0      0      0      0      0
// Row  7:      0      0      0      0      0      0      0      0      0      0      0      0      0      0      0      0
// Row  8:      0      0      0  -5777      0      0      0      0      0      0      0      0      0      0      0   8284
// Row  9:      0      0      0      0      0      0      0      0      0      0      0      0      0      0      0      0
// Row 10:      0  -7373      0      0      0      0      0   5146      0      0      0   6386      0      0      0    559
// Row 11:      0      0  -3510      0      0      0      0  10292      0      0      0  12772      0      0      0      0
// Row 12:      0      0   3654      0   5670      0      0   7221      0      0      0  -3261      0      0      0      0
// Row 13:      0      0   -858      0      0      0      0      0      0      0      0      0      0      0      0   2021
// Row 14:      0      0      0      0      0      0      0      0      0      0      0      0      0      0   1406      0
// Row 15:      0      0      0      0      0      0      0      0      0      0      0      0      0      0      0      0
