// B matrix (sparse90) (16x16)
// dtype: int8

// Row  0:      0      0     82      0      0      0      0      0      0      0      0      0      0      0      0      0
// Row  1:      0      0      0      0      0      0      0      0      0      0      0      0     28      0      0      0
// Row  2:      0      0      0      0    -52      0      0   -111      0      0      0      0      0      0      0      0
// Row  3:      0      0      0     35      0      0      0      0      0      0      0    123      0      0      0     -8
// Row  4:      0      0      0      0      0    -56    -32      0      0      0     87      0      0      0      0      0
// Row  5:     73     56    -34      0      0      0      0      0      0      0      0      0      0      0      0      0
// Row  6:      0      0      0      0      0      0      0      0      0      0      0      0      0      0      0      0
// Row  7:      0      0      0      0      0      0      0      0     51      0      0      0      0      0      0    -20
// Row  8:      0      0      0      0      0      0      0      0      0      0      0      0      0      0      0      0
// Row  9:      0      0      0      0      0      0      0      0      0    -39      0    -95      0    -29    -31      0
// Row 10:      0    -33     26     32      0      0      0      0      0      0      0      0      0      0      0      0
// Row 11:      0      0      0   -100      0      0      0      0      0     77      0      0      0      0      0      0
// Row 12:      0    -27      0      0    106      0      0      0      0      0      0      0      0      0      0      0
// Row 13:      0      0     80      0      0      0      0      0      0      0      0      0      0      0      0      0
// Row 14:      0      0      0      0      0      0      0      0      0      0      0      0      0      0      0      0
// Row 15:      0      0      0      0   -125      0      0      0      0      0      0   -111    -81      0      0      0
