// A matrix (ones) (16x16)
// dtype: int8

// Row  0:      1      1      1      1      1      1      1      1      1      1      1      1      1      1      1      1
// Row  1:      1      1      1      1      1      1      1      1      1      1      1      1      1      1      1      1
// Row  2:      1      1      1      1      1      1      1      1      1      1      1      1      1      1      1      1
// Row  3:      1      1      1      1      1      1      1      1      1      1      1      1      1      1      1      1
// Row  4:      1      1      1      1      1      1      1      1      1      1      1      1      1      1      1      1
// Row  5:      1      1      1      1      1      1      1      1      1      1      1      1      1      1      1      1
// Row  6:      1      1      1      1      1      1      1      1      1      1      1      1      1      1      1      1
// Row  7:      1      1      1      1      1      1      1      1      1      1      1      1      1      1      1      1
// Row  8:      1      1      1      1      1      1      1      1      1      1      1      1      1      1      1      1
// Row  9:      1      1      1      1      1      1      1      1      1      1      1      1      1      1      1      1
// Row 10:      1      1      1      1      1      1      1      1      1      1      1      1      1      1      1      1
// Row 11:      1      1      1      1      1      1      1      1      1      1      1      1      1      1      1      1
// Row 12:      1      1      1      1      1      1      1      1      1      1      1      1      1      1      1      1
// Row 13:      1      1      1      1      1      1      1      1      1      1      1      1      1      1      1      1
// Row 14:      1      1      1      1      1      1      1      1      1      1      1      1      1      1      1      1
// Row 15:      1      1      1      1      1      1      1      1      1      1      1      1      1      1      1      1
