// A matrix (sparse70) (16x16)
// dtype: int8

// Row  0:      0      0      0      0      0      0      0      0      0      0      0      0      0      0     97     17
// Row  1:   -105    -69   -117     23      0      0      0      0      0     -2      0      0      0      0      0     90
// Row  2:      0      8      0      0      0    -11     14      0    -33      0    -71      0      0    126      0      0
// Row  3:      0      0    -23    -63   -123      0      0      0      0      0    -46    -12    122      0      0      0
// Row  4:      0      0      0      0     12      0     32      0      0      0      0      0      0    -90      0      0
// Row  5:      0      0      0      0    -20   -100     50      0      0    -53      0      0      0      3      0    -23
// Row  6:    122      0     17      0      0      0    105      0      0      0      0      0      0      0     83      0
// Row  7:    -70      0      0      0      0     51      0      0      0     40      0      0     14     88     -9      0
// Row  8:      0      0     26      0     -6      0      0    -47      0    -97      0      0      0      0      0      0
// Row  9:      0      0      0      0      0      0      0    -92    107      0      0      0      0      0      0      0
// Row 10:    -24      0      0      1    107      0      0      0      0    -61      0      0      0      0     18      0
// Row 11:      0     13     74      0      0      0      0      0      0    -29    -84    -96    110     18     24    101
// Row 12:      0      0      0      0      0      0      0      0      0    -86     67      0      0      0     24    -59
// Row 13:      0     56      0      0     -3      0      0      0      0    -95   -109      0      0    -41      0     41
// Row 14:      0      0    -87      0      0      0      0      0      0   -115     50      0      0    -88    -77      0
// Row 15:      0      0      0      0      0     86    -88    -64      0      0    -18     28      0    -81      0     13
