// B matrix (sparse70) (16x16)
// dtype: int8

// Row  0:      0      0      0      0      0      0      0     45      0      0   -119      0      0     67     85      0
// Row  1:    -53      0      0     66      0     55      0    123      0      0      0      0    -98      0      0      0
// Row  2:      0    113      0   -125      0      0      0      0    -92    -37     76      0      0      0      0    -24
// Row  3:      0      0   -103   -104      0      0      0      0      0      0    -79    -27      0      0      0      0
// Row  4:      0      0      0      0      0      0    -99      0      0    -61      0      0    112      0      0      0
// Row  5:      0      0      0      0      0      0      0      0    -43      0      0      0      0      0      0      0
// Row  6:    -27     97      0      0      0      0      0     96     96     37      0    -31      0      0      0      4
// Row  7:      0   -106      0     61      0      0     58      0      0      0      0      0      0      0    -82      0
// Row  8:      0      0      0      0    -27     71      0      0      0      0      0      0      0      0      0      0
// Row  9:      0      0     22      0      0      0    -30      0     32    -18      0      0      0    -12      0   -123
// Row 10:      0      0      0      0      0      0     13    -32      0      0      0     56      0    110      0      0
// Row 11:      0      0    -10      0      0     32     42    -47      0      0    -11      0      0     18      0      0
// Row 12:   -101      0      0      0      0      0    105     26      0      0    -89      0      0      0      0      0
// Row 13:      0      0      0      0      0      0      0      0      0      0      0    -28      0     68    -42      0
// Row 14:      0    -43      0      0      0      0      0     47     53      0   -125      0    -48      0    -72    116
// Row 15:      0      0    -37      0      0    -78      0      0      0      0     44      0      0      0     20      0
