// C = AūB (sparse70) (16x16)
// dtype: int32

// Row  0:      0  -4171   -629      0      0  -1326      0   4559   5141      0 -11377      0  -4656      0  -6644  11252
// Row  1:   3657 -13221  -5743   7679      0 -10815     60 -13212  10700   4365   5746   -621   6762  -7011  -7125   3054
// Row  2:   -802   1358      0    528    891  -1903   -923   4600   1817    518      0  -7938   -784    758  -5292     56
// Row  3: -12322  -2599   6609   9427      0   -384  23885   5208   2116   8354  -7497   -875 -13776  -5276      0    552
// Row  4:   -864   3104      0      0      0      0  -1188   3072   3072    452      0   1528   1344  -6120   3780    128
// Row  5:  -1350   4850   -315      0      0   1794   3570   4800   7404   4024  -1012  -1634  -2240    840   -586   6719
// Row  6:  -2835   8537      0  -2125      0      0      0  19471  12915   3256 -23601  -3255  -3984   8174   4394   9640
// Row  7:  -1414    387    880      0      0      0    270  -3209  -1390   -720   8209  -2464    432    814  -8998  -5964
// Row  8:      0   7920  -2134  -6117      0      0    778      0  -5496   1150   1976      0   -672   1164   3854  11307
// Row  9:      0   9752      0  -5612  -2889   7597  -5336      0      0      0      0      0      0      0   7544      0
// Row 10:      0   -774  -1445   -104      0      0  -8763   -234   -998  -5429    527    -27  11120   -876  -3336   9591
// Row 11: -11799   7330  -3415  -8392      0 -10235   7296  12787  -6464  -2216  -1666  -5208  -2426  -9396   -464   4575
// Row 12:      0  -1032    291      0      0   4602   3451  -1016  -1480   1548  -5596   3752  -1152   8402  -2908  13362
// Row 13:  -2968      0  -3607   3696      0   -118   1730  10376  -3040   1893   1804  -4956  -5824 -13638   2542  11685
// Row 14:      0  -6520  -2530  10875      0      0   4100  -5219    243   5289   3013   5264   3696    896   9240   7301
// Row 15:   2376  -1752   -761  -3904      0   -118  -2770  -9188 -12146  -3256    264   3988      0  -6984   8910   -352
