// A matrix (sparse50) (16x16)
// dtype: int8

// Row  0:    112      0      0   -102      0    -84      0      0     55      0      0      0      0      0      0      0
// Row  1:      0    125    -20      0      0    -14    -11    -40      0      0      0      0    111      0      0      0
// Row  2:     23      0    -94      0    -77      0    -68     -5    -36     -9    -43     72    126      0     75   -107
// Row  3:    108      0      0     -4      0      0      0      0      0      0      0      0      0    -87      0     18
// Row  4:     11      0      0     -7     52     78      4    -60    -11      0     52      0    -23     11      0      5
// Row  5:      0     89      0    -16      0    -56    -34   -123   -124    -35     94      0     94      0     74      0
// Row  6:     55     10      0    -93     31    -51      0     13    -77      0      0      0    -65      0    109     44
// Row  7:      0    -98    111      0      0      0      0      0     38      0      0     58     40    112   -108      0
// Row  8:      0    -46    105   -101      0     29     64      0     71    121      0      0    -41      0      0      0
// Row  9:      0    -92     79      0    -52     11      0    -34      0    -49   -103     84      0    -11      0      0
// Row 10:      0    118      0    -47     40      0      0      0    -54     34      0    -54      0     31     72      3
// Row 11:    117    103      0      0      0    125     13    111     -4      0     60      0      0      8    -61   -117
// Row 12:      0    -52      0    -17     89      0      0      0    -46      0    118    100   -100      0     70      0
// Row 13:   -118     88    122    100      0    -71      0      0      0      0      0      0      0     -8     57      0
// Row 14:      0      0     27      0      0      0      0      0    -84    -23   -120    -33    -54      0    119   -104
// Row 15:      0     60      0     63    -98    -31     28    -61     77   -127      0    111      0      0      0    -67
