// C = AūB (sparse50) (16x16)
// dtype: int32

// Row  0:   3465   2123   4488  12750  -9095  -5241   2448   8880  -8843  16062  -8988 -11608   5214  21636  21893 -13886
// Row  1:  -2834  -5797 -16569  13494  -8276   9685 -10528   8434 -10241    618  -6049 -10520 -13095  -3707  -4702  -9988
// Row  2:  -7714 -12185    805  16396  -7782  -2585 -12527  19289 -11482  -3736   3591   3182 -30501   9090   7204 -12001
// Row  3:  -4089      0    572  -1849    -16 -11526   -240   9072  -3006  -5340      0  -9232   1746    496   1232  -7143
// Row  4:   6432   -870  -1815  -1140  -7871   8245 -11908   3809   3536  -2515   9289   5318  13400  -4598 -17113  -4598
// Row  5:  -8899 -16496  -5296  15351 -22228  -4170 -11218  -6987  -1608   4809  -7991   9881   4655  17539  -1518 -10718
// Row  6:  -3819   8032   6156   6415   4362 -14055   8649 -12537   1063  15552  -2792   9749  17013  28657  14730  -8187
// Row  7:  14244  -3054   8140   3412   7397  -1042  -9610  11280  18482  11761   5030   3008 -11394  -7158   1977  -3352
// Row  8:  24037   1972  -8470   1951  11447  26351  -5902    618  -2008   9421  -1629  -5137  17190  12043  11349  -5119
// Row  9:  -5511   5087  -3282  -3353  16346  -2406  -9406   6997  10700  -3194  13434  12338  -5146   5699   5061 -14569
// Row 10:  -2543   5502 -12052  10148   3970   5097   2526  -9720 -13105   6209  -8012  -1313   1213   7598  -2267  -3870
// Row 11:   -635 -10390   7183   1556  13831  -7647  -4629  17427 -30809 -14738  13375 -11084 -25987 -31772  -9848   2554
// Row 12:  16147   -836  19448  -8475 -10686 -11583   2170  -5268  12219  20470  15600  11283  29492  13332  -6301     69
// Row 13:  -2488   1562 -12320 -10516   7983   3023  14781 -15379  -7581   2328  -7597  -9767   4970  -3093  -8634  10166
// Row 14: -16793  18384 -14073  -4239  23379 -12557   9396 -15498 -16885  -3702   -362  12387  -9495  14042    465  -5802
// Row 15:  -6365 -12691  -8422 -10034 -11764   3189  -5419  11388 -24450  -7962  16179  -9953   7294  -4987   2221 -15725
