// A matrix (efficientnet_b0) (16x16)
// dtype: int8

// Row  0:      0      0      0      0      0      0      0      0      0      0      0      0      0      0      0      0
// Row  1:      0      0      0      0      0      0      0      0      0      0      0      0      0      0      0      0
// Row  2:      0      0      0      0      0      0      0      0      0      0      0      0      0      0      0      0
// Row  3:      0      0      0      0      0      0      0      0      0      0      0      0      0      0      0      0
// Row  4:      0      0      0      0      0      0      0      0      0      0      0      0      0      0      0      0
// Row  5:      0      0      0      0      0      0      0      0      0      0      0      0      0      0      0      0
// Row  6:      0      0      0      0      0      0      0     92      0      0      0      0      0      0      0      0
// Row  7:      0      0      0      0      0      0      0      0      0      0      0      0      0      0      0      0
// Row  8:      0      0      0      0      0      0      0      0      0      0      0    124      0      0      0      0
// Row  9:      0      0      0      0      0      0      0      0      0      0      0      0      0      0      0      0
// Row 10:      0      0      0      0      0      0      0      0      0      0      0      0      0      0      0      0
// Row 11:      0      0      0      0      0      0      0      0      0      0      0      0      0      0      0      0
// Row 12:      0      0      0      0      0      0      0      0    -47      0      0      0      0      0      0      0
// Row 13:      0      0      0      0      0      0      0      0      0      0      0      0      0      0      0      0
// Row 14:      0      0      0      0      0      0      0      0      0      0      0      0      0      0      0      0
// Row 15:      0      0      0      0      0      0      0      0      0      0      0      0      0      0      0      0
