// A matrix (dense) (16x16)
// dtype: int8

// Row  0:    -90   -106    123     70    127     39    -42    -16   -106    -18   -110     91      8   -106     54     50
// Row  1:      1    -77   -127   -104    -45      6    -30    121    -60     60   -115     66     23     55      2     73
// Row  2:     81      3   -114    -96     61     86     -2    -13   -112      0     30    -34     18    -82     -8    109
// Row  3:     78     72    -40     36     32    -25      1     82    -66     11     23    -15    -47    -13    -47    -70
// Row  4:    -72   -105    -60     13     63     99    -45   -112    122     91     34     83     57    -58     66     33
// Row  5:    -13    -86   -119     66     -7     51    -74    -38    -76   -111     42    120     19    -14     21    100
// Row  6:   -103     45    -92     71     69     66     87    -79    114    -35   -121     -9    -60     -1     57   -117
// Row  7:    122     11      4    -89     98     62    -53     46     72    108     59     62    -53    -35     55    119
// Row  8:     -3    -23    -54    -45    -79    103    -14    -34    -70   -109     79     -8     46     75    -79    -80
// Row  9:    -59    -10      9    -95   -119     47     76     -7     63    -44     59    -70   -112     16    110     43
// Row 10:    102    112    -80    -17     92    -87    -27     85    -69     33     18     51     88   -104    -62    -49
// Row 11:    -21     68    122     85    -36    -17   -119     78    -98     87     72    -29   -110    101     94    -55
// Row 12:     40    -67   -122     46     82     35     81    -93    -68     85    -81    -77     94     78     -2   -127
// Row 13:     96     75     96     73    116     71     42     42     31     -8     55     52    -15    -58     91     71
// Row 14:     97     14      1    -11    -23      1   -123     17   -123   -119     60    -93     90    -66     87    -99
// Row 15:      3    -16    -12     43     38     39     66     -8      5     90    -48     16    -57   -108    119     67
