// C = AūB (ones) (16x16)
// dtype: int32

// Row  0:     16     16     16     16     16     16     16     16     16     16     16     16     16     16     16     16
// Row  1:     16     16     16     16     16     16     16     16     16     16     16     16     16     16     16     16
// Row  2:     16     16     16     16     16     16     16     16     16     16     16     16     16     16     16     16
// Row  3:     16     16     16     16     16     16     16     16     16     16     16     16     16     16     16     16
// Row  4:     16     16     16     16     16     16     16     16     16     16     16     16     16     16     16     16
// Row  5:     16     16     16     16     16     16     16     16     16     16     16     16     16     16     16     16
// Row  6:     16     16     16     16     16     16     16     16     16     16     16     16     16     16     16     16
// Row  7:     16     16     16     16     16     16     16     16     16     16     16     16     16     16     16     16
// Row  8:     16     16     16     16     16     16     16     16     16     16     16     16     16     16     16     16
// Row  9:     16     16     16     16     16     16     16     16     16     16     16     16     16     16     16     16
// Row 10:     16     16     16     16     16     16     16     16     16     16     16     16     16     16     16     16
// Row 11:     16     16     16     16     16     16     16     16     16     16     16     16     16     16     16     16
// Row 12:     16     16     16     16     16     16     16     16     16     16     16     16     16     16     16     16
// Row 13:     16     16     16     16     16     16     16     16     16     16     16     16     16     16     16     16
// Row 14:     16     16     16     16     16     16     16     16     16     16     16     16     16     16     16     16
// Row 15:     16     16     16     16     16     16     16     16     16     16     16     16     16     16     16     16
