// B matrix (vgg16) (16x16)
// dtype: int8

// Row  0:    -26    -67    -65    121     23     38      9      0      0      0     83      0    -98     92    -50      0
// Row  1:    -56     89     97   -109      0      0      0   -100      0   -109   -103      0      0      0    109      0
// Row  2:      0     89      0   -111      0      0      0      0      0    -16      0      0      0      0   -106      0
// Row  3:     82      0      0      0      0     80      0      0      0      0    115      4      0    -34   -101      0
// Row  4:      0      0     28      1      0     57     70      0      0     73    -92      0      0      0      0      0
// Row  5:      0      0      0      0      0      9      0      0      0      0      0      0      0      0      0      0
// Row  6:     19    -17      0      0      0      0      0      0      0      0      0   -114      8      0      0      0
// Row  7:    -34      0      0      0   -123      0      0      0      0      0      0      0      0      0     37      0
// Row  8:      0      0      0      0     18      0    -21      0      0      0      0      0      0      0      0      0
// Row  9:    -20      0      0      0      0      0      0      0    -81      0      0      0      0      0      0      0
// Row 10:      0      0    -70      0      0    -14      0      0     42     63    -38      0   -119      0    -36     15
// Row 11:    117      0      0      0      0      0     75      0      0      0      0      0      0     24      0      0
// Row 12:      0      0     54    -61      0     66      0      0     22      0      0      0      0      0      0      0
// Row 13:      0   -102      0     97      0      0      0    -42      0   -123      0      0      0      0      0      0
// Row 14:      0      0      0      0      0      0      0      0      0   -119      0      0     55      0      0     15
// Row 15:    113     35      0      0      3   -121      0      0      0      0      0      0      0      0      0      0
