// B matrix (dense) (16x16)
// dtype: int8

// Row  0:   -122     19    102     34    -50     16    -31     13    -36   -105    -77     15    -28     75     44    -51
// Row  1:     27     26     45   -121     53    -40     53    -17     62    123   -123    -74     95    -58    -43    -24
// Row  2:    -43    126     31     90     35   -120    -11    -69    -63     82    109   -114    -66     91     70    -56
// Row  3:    -64    106    117    -53    -30    -17    -36     41    111    -96     40     14     50      1     13     72
// Row  4:     92    127    -13     42    -15    -24    120    -24    -40    -22     35     80    -79    -46     60    -86
// Row  5:    -97    -43    -11   -123    -87   -101    -32   -105    -11     69     10     56     18     50     22    -10
// Row  6:    -91     55   -101    -87    -92    102     -8      0    -94    112    109    -90   -122     -1   -115     50
// Row  7:    -42     -2    -52    -14   -127    -86     27    -31     73    -67    101    -51   -127     47    -77     33
// Row  8:    -71     27     64    -36    -23    117    -71   -106   -121    -41     34    -98   -123    -42    108    118
// Row  9:    -14    -35     62    104     31     -2   -127     51    -49    -11   -115    -60     10     67    113    120
// Row 10:    -35    -61    -72     71   -110    -62    -99     55    -43     73    -38    -13     67     60     31    -59
// Row 11:    117   -108   -109   -104    -91    -14    115    103     96    -96     65    -12    -15     52   -107    -77
// Row 12:     90     56    -84    -50    -28     79     59     20    -99     12    123    -83     41    -10   -110     91
// Row 13:      6   -124    -43     66     45     -2     57     56    102     41     38    -18     80    -49    -49     32
// Row 14:     60    -93    -15     21    105   -104    -40     38    -13     32    -92   -107     58     65    -38    -22
// Row 15:    -28     73    -71   -118     92    -83    -82     -2      6    -80     72    -44   -124     41      9    -92
