// C = AÎB (dense) (16x16)
// dtype: int32

// Row  0:  34943  37496  -9326  -5951  12660 -38787  26532  -1815   9128 -22701  38965  15464 -21440  18111    741 -32291
// Row  1:  18485 -41096 -30755 -11000    731   1618  12985  15883  24380 -36245   8538   8658 -16513   4237 -30293   6640
// Row  2:   -237   -263 -18457 -20085  -4199 -13865  -4567    107 -10741  -5105 -20884  30220  -4141   8839  -3215 -34572
// Row  3:  -9518   3451  16281   7094 -21325  -4586  10781   7304  21595  -5178 -20870  15727   8563  -1508  -3659  -4509
// Row  4:  19092 -13061  -7619 -10212  -1167   9396 -20742   -451 -31184 -17325  -1686   3003  -2460   7320  27066  13896
// Row  5:  22502 -23099 -28442 -35380  -9741 -14782  12290  25460  35227 -39167  13067  35703  16402   4886 -25799 -33106
// Row  6:   5408   1593  18026 -30135   4715  33812  18385 -19289   -601  18228  -9385   8678   4867 -37614  -1315  30688
// Row  7:  -9617  -6740    636   2185  -4345 -31463 -23216  -6475 -19016 -25097 -23477  -8089 -34379  31269  35516 -28198
// Row  8:  -4725 -34640 -21482  -6031 -27078   6688  14287   2028  11239  25036   5328  28899  39491  -9239 -24779  -5270
// Row  9: -28208 -31402 -14883  -3727  13607 -12654 -38359 -17112 -16196  37985 -12946 -23987  -8228   7853   1816  -2755
// Row 10:  25620  17127   1307  -5553 -25749  11262  31154  17455   4491 -20996 -17500  10001   2905  -3685 -17274  -8840
// Row 11:  -2685 -23183  27754  48707  21540 -65207 -15402  16805  46583  14808 -36830 -11695  44421  23022  18608  -8308
// Row 12:   6125  -2975  10809  18380  -2017  43928  14139  14786 -12802   6807 -12089  26220  29616 -21056  -7005  38953
// Row 13: -16444  32731   5177 -22139 -14616 -40429  -4542 -10744  -8974  -3240   6312 -21167 -26362  27789   9384 -30322
// Row 14:  10585  -3462  12664  22288   1212 -22658  10168   2721   1643   7073 -27399  16865  47766   8460 -10712 -21653
// Row 15:  -7568  11691   7574 -15729  10167 -15101 -24755  -1589 -12241 -10511 -14300 -11573 -23552  19980  11856  -1058
