// B matrix (sparse50) (16x16)
// dtype: int8

// Row  0:      0      0      0      0      0   -111      0     84    -49      0      0    -89      0      0      7    -83
// Row  1:    -24      0    -90     25      0     56      0      0   -124      0      0    -78    -23    -57    -33    -49
// Row  2:      0      0      0      0     93      0      0      0      0     -1      0      0      0      0     -9      0
// Row  3:      0      0    -44   -125      4    -84     60      0      0    -57      0    -95      0   -124   -119     45
// Row  4:     49    120    -22      0      0    -53      0      0     75    109      0      0      0      0   -114      0
// Row  5:      0    -22      0      0     53     93   -102     77      0   -122    107     55    -11   -107   -114      0
// Row  6:     54      0   -128    -95     94    -17      0    -97    -24      0      0      0     93      0     47      0
// Row  7:    -19      0    121      0    116    -95     88     -3      0      0      0      0   -102    -48     57    116
// Row  8:     63      5      0      0    -77    117      0    108    -61      0      0   -122     78      0    -11      0
// Row  9:    124      0    -79      0      0     87      0      0      0     57    -53    -93      0      0      0    -21
// Row 10:     52   -127    121      0   -120      0      0      0      0      0      0      0    103      0      0     77
// Row 11:     73    -18      0     -9      0      0    -63     72     38     88    115      0      0      0      0   -101
// Row 12:      0    -55    -17     84      0      0    -76     75     45    -10    -41      0   -121      0      4      7
// Row 13:     47      0      0     27      0      0      0      0      0     64      0      0      0      0      0    -23
// Row 14:      0      0      0      0      0      0     27      0    -43      0      0      0    109    118      0      0
// Row 15:      0      0     22      0      0      7      0      0    127      0      0      0     97      0      0      0
