// C = AūB (vgg16) (16x16)
// dtype: int32

// Row  0:   -980  15150  15258 -21803    -57  -3046  -3051  -9690   8991 -10176 -17303      4   8526  -8038  15040      0
// Row  1:  -2545   5231   7980  -7742   -117  11254   8050   3402  -2856  14074  -7996 -11172   8876      0   2448  -1020
// Row  2: -11210      0   2352     84 -14196   4788   4329      0  -6318   6132  -7728      0      0  -1296   3626      0
// Row  3: -27184  -6934  -3600   4356  -9024  10178  -6906      0   3429   1134  -2411  -6548  -5222   2594   4727    270
// Row  4:   -314   5220   4850  -5450    -96  -2662    189  -5000      0  -5450  -5150      0      0      0   5450      0
// Row  5: -13337  -1241   -812    553      0  -1653 -11030   -252      0  -8448   2668  -4218   2881  -2880      0    705
// Row  6:  -9758   5304    568  -6081  -1962  -9575   2289   2184    584   3022 -13875   -476   1110   4046  11839    540
// Row  7:   3160   4705  -6711    726   1421  -3258    675   3528   1702  13076   3543      0 -10738   5612  -3006    600
// Row  8:   -837   3358  18896 -14003    442   5083   1981 -13106   1650 -26934 -19794   -228  11056  -5936  13528   1140
// Row  9:      0   4488   3276  -4151      0   6669   8190   1848      0  13953 -10764      0      0      0      0      0
// Row 10: -20611  -4165   2100      0   1611   7299      0      0  -1260  -1890  -9670   -376   3570   3196   9982   -450
// Row 11:  -2223  -3825   9030   5559      0   3348   2100  -2394  -4914 -12192   1686  13338  12987      0   4212  -1755
// Row 12:  -1568   7796  -5824  -8096      0  -1708      0   -616   5124  -1941  -7520      0  -8523      0  -1340   3465
// Row 13:  12636      0  -3990      0      0   -798   8100      0   2394   3591  -2166      0  -6783   2592  -2052    855
// Row 14:   1210   7236   7020 -13068  -8265  -4104   -972      0      0  -5950  -8964      0  13334  -9936   7139    750
// Row 15:   5650   4504  -2100  -2694    150 -10325  -5250   1134      0  -6676   6900      0   2090      0      0    570
