// B matrix (resnet18) (16x16)
// dtype: int8

// Row  0:      0      0     29      0     45      0      0      0      0      0      0    -97      0      0      0      0
// Row  1:      0      0      0      0      0      0      0      0      0      0     83      0      0      0      0      0
// Row  2:      0    101      0      0      0      0      0      0      0      0      0      0      0      0      0      0
// Row  3:      0      0      0      0      0      0    -93      0      0      0      0      0      0      0      0      0
// Row  4:      0      0      0      0      0      0      0      0      0      0      0      0      0      0      0     43
// Row  5:      0      0      0      0      0      0      0      0      0      0      0     84      0      0      0      0
// Row  6:      0      0      0    -53      0      0      0      0      0      0      0      0      0      0      0     76
// Row  7:      0      0      0      0     27      0    111      0      0      0      0      0      0      0      0     22
// Row  8:      0      0      0      0      0      0      0      0      0      0      0      0     20      0      0      0
// Row  9:      0      0      0      0      0      0      0      0      0      0      0      0      0      0      0      0
// Row 10:      0      0      0      0      0      0      0      0      0      0      0      0      0      0      0      0
// Row 11:      0      0      0      0      0      0      0      0      0      0      0      0      0      0     37      0
// Row 12:      0      0     39      0      0      0      0      0      0      0      0      0      0      0      0      0
// Row 13:     40      0      0      0      0      0      0      0      0      0      0      0      0      0      0      0
// Row 14:      0      0      0      0      0      0      0    -83      0      0      0   -103      0      0      0      0
// Row 15:      0      0      0     85      0      0      0      0      0    -90    -79      0      0      0      0      0
