// A matrix (mobilenetv2) (16x16)
// dtype: int8

// Row  0:      0      0      0      0      0      0      0      0      0      0      0      0      0      0      0      0
// Row  1:      0      0      0      0      0     56      0      0      0      0      0      0      0      0      0      0
// Row  2:      0      0      0      0      0      0      0      0      0      0      0      0      0     36      0      0
// Row  3:    -70      0      0      0      0      0      0      0      0      0      0      0      0      0      0      0
// Row  4:      0      0      0      0      0      0      0      0      0      0      0      0      0      0      0      0
// Row  5:      0      0      0      0      0      0      0      0      0      0      0      0      0      0      0      0
// Row  6:      0      0      0      0      0      0      0      0      0      0      0      0      0      0      0      0
// Row  7:      0      0      0      0      0      0      0      0      0      0      0      0      0      0      0      0
// Row  8:      0      0      0      0      0      0      0      0      0      0      0      0      0      0      0      0
// Row  9:      0      0      0      0      0      0      0      0      0     49      0      0      0      0      0      0
// Row 10:      0      0      0      0      0      0      0      0      0      0      0      0      0      0      0      0
// Row 11:      0      0      0      0      0      0      0      0      0      0      0      0      0      0      0      0
// Row 12:      0      0      0      0      0      0      0      0      0      0      0      0      0      0      0    -89
// Row 13:      0      0      0      0      0      0      0      0      0    -24      0      0      0      0      0      0
// Row 14:      0      0      0      0      0      0      0      0      0      0      0      0      0      0      0      0
// Row 15:      0      0      0      0      0      0      0      0      0      0      0      0      0      0      0      0
