// A matrix (alexnet) (16x16)
// dtype: int8

// Row  0:      0    -85      0    -63      0     -4      0      2    -59    -86      0      0     -3    -29      0      0
// Row  1:      0   -113    -27     96    -28      0      0      0    124      0      0      0      0    -83      0      0
// Row  2:     74      0      0      0    -85      0    113   -120     87      0    -18      0      0    111      0      0
// Row  3:      0      0      0     48    -88      0     45      0      0      0      0      0      0      0     49      0
// Row  4:      0      0     30      0   -116      0      0     -9      0      0      0    100   -106    -49     95      0
// Row  5:     -1      0     71      0      0     14      0     36      0     77     31      0     77   -110    -76      0
// Row  6:     -5    -52      0      0      0     83      0    -93    112      0      0     92      0    118    -80    -71
// Row  7:      0    -43    -50      0     15      6     81      0      0      0      0      0     75      0     95      0
// Row  8:      0      0      0      3     26    108      0     78      0    -64     59      0      0      0      0    -23
// Row  9:     67    -19      0    -86      0    -63      0      0    -43      0      0     72      0    -50    -34    -94
// Row 10:     63    -88     26    -28     29      0      0    100      0      0      0   -128      0     53     -7    -52
// Row 11:      0    -78    -64      0      8      0    -84      0      7     13      0    -59      0     23   -124      0
// Row 12:      0     76      0    -82    -50   -114      0      7     92      0      0      0      0   -105      0     19
// Row 13:      0      0      0   -105   -116      0    -87      0      0      0    -40    -84     45      0      0     67
// Row 14:      0     92    126      0   -101     -7      0     72    -99      0    -51      0    -84     70   -106    -81
// Row 15:    105      0      0      0     95      0      0   -120      0      0      0      0   -117      0      0     57
