// A matrix (sparse95) (16x16)
// dtype: int8

// Row  0:      0      0      0    -91      0     75      0      0      0      0      0      0      0      0      0      0
// Row  1:      0      0      0      0      0      0      0      0      0      0      0      0      0      0      0      0
// Row  2:      0      0    -76      0      0      0      0      0      0      0      0      0      0      0      0      0
// Row  3:      0      0      0      0      0      0      0      0      0      0      0      0      0      0      0      0
// Row  4:      0      0      0      0      0      0      0      0      0      0      0      0      0      0    -48      0
// Row  5:      0      0      0      0      0     97      0      0      0      0      0      0      0      0      0      0
// Row  6:      0      0      0      0      0      0      0      0      0      0      0      0      0      0      0      0
// Row  7:      0      0     45      0      0      0      0      0      0      0      0      0      0      0      0      0
// Row  8:      0      0      0      0      0      0    -72      0      0      0      0      0      0      0      0      0
// Row  9:      0      0      0      0      0    -33      0      0      0      0      0      0      0      0      0      0
// Row 10:      0      0      0      0      0      0      0      0      0      0      0      0      0      0      0      0
// Row 11:      0      0      0      0      0      0     29      0      0      0      0      0      0      0      0      0
// Row 12:      0      0      0      0      0      0      0      0      0      0      0      0      0      0      0      0
// Row 13:      0      0     40      0      0      0      0      0      0      0      0     78      0      0      0      0
// Row 14:      0      0      0      0      0      0      0      0      0      0      0     54      0      0      0      0
// Row 15:      0      0      0      0      0      0      0      0      0      0      0      0      0      0      0      0
