// B matrix (sparse95) (16x16)
// dtype: int8

// Row  0:      0      0      0    -83      0      0      0      0    -57      0      0      0      0      0      0      0
// Row  1:      0      0      0      0      0      0      0      0      0      0      0      0      0      0      0      0
// Row  2:      0      0      0      0      0      0      0      0      0      0      0      0      0      0      0      0
// Row  3:      0      0      0      0      0      0      0      0      0      0    -74      0      0      0      0      0
// Row  4:      0      0      0      0      0      0     84      0      0      0      0      0      0      0      0      0
// Row  5:      0      0      0      0      0      0      0      0      0      0      0      0      0      0      0      0
// Row  6:      0      0      0      0      0      0    101      0      0      0      0      0      0      0      0      0
// Row  7:      0      0     73      0      0      0      0      0      0    -97      0      0      0      0      0      0
// Row  8:      0      0      0      0      0      0      0      0      0     -2      0      0      0      0      0      0
// Row  9:      0      0      0      0      0      0      0      0      0      0      0      0      0      0      0      0
// Row 10:      0      0      0      0      0      0      0     76      0      0      0      0      0      0      0      0
// Row 11:      0      0      0      0      0      0      0      0      0      0      0      0      0     90      0      0
// Row 12:      0      0      0      0      0      0      0      0      0      0      0      0      0      0      0      0
// Row 13:      0      0      0      0      0      0      0      0      0      0    -39      0      0      0      0      0
// Row 14:      0      0      0      0      0      0      0      0      0      0      0      0      0      0      0      0
// Row 15:      0      0      0      0      0      0      0      0      0      0      0      0      0      0      0      0
